 @    s0 legend  "A-ASP239-HN ... C-LYS138-NZ"
 @    s1 legend  "C-LYS138-HZ1 ... A-ASP239-N"
 @    s2 legend  "C-LYS138-HZ1 ... A-ASP239-OD1"
 @    s3 legend  "C-LYS138-HZ1 ... A-ASP239-OD2"
 @    s4 legend  "C-LYS138-HZ2 ... A-ASP239-N"
 @    s5 legend  "C-LYS138-HZ2 ... A-ASP239-OD1"
 @    s6 legend  "C-LYS138-HZ2 ... A-ASP239-OD2"
 @    s7 legend  "C-LYS138-HZ3 ... A-ASP239-N"
 @    s8 legend  "C-LYS138-HZ3 ... A-ASP239-OD1"
 @    s9 legend  "C-LYS138-HZ3 ... A-ASP239-OD2"
   60.0000000               2
   61.0000000               3
   62.0000000               0
   63.0000000               2
   64.0000000               5
   65.0000000               4
   66.0000000              12
   67.0000000               5
   68.0000000              15
   69.0000000              15
   70.0000000              13
   71.0000000              32
   72.0000000              31
   73.0000000              49
   74.0000000              44
   75.0000000              67
   76.0000000              66
   77.0000000              93
   78.0000000              88
   79.0000000             109
   80.0000000             125
   81.0000000             140
   82.0000000             120
   83.0000000             122
   84.0000000             158
   85.0000000             139
   86.0000000             169
   87.0000000             206
   88.0000000             172
   89.0000000             176
   90.0000000             196
   91.0000000             175
   92.0000000             181
   93.0000000             183
   94.0000000             158
   95.0000000             183
   96.0000000             150
   97.0000000             153
   98.0000000             144
   99.0000000             110
   100.000000             119
   101.000000             117
   102.000000             103
   103.000000              99
   104.000000              85
   105.000000              95
   106.000000              71
   107.000000              61
   108.000000              56
   109.000000              53
   110.000000              30
   111.000000              50
   112.000000              37
   113.000000              26
   114.000000              21
   115.000000              20
   116.000000              20
   117.000000              17
   118.000000              23
   119.000000              15
   120.000000               4
   121.000000               9
   122.000000               8
   123.000000              12
   124.000000               6
   125.000000               3
   126.000000               3
   127.000000               3
   128.000000               5
   129.000000               0
   130.000000               1
   131.000000               1
   132.000000               3
   133.000000               3
   134.000000               2
   135.000000               0
   136.000000               0
   137.000000               1
   138.000000               1
   139.000000               0
   140.000000               0
   141.000000               0
   142.000000               0
   143.000000               0
   144.000000               0
   145.000000               0
   146.000000               0
   147.000000               1
   148.000000               0
   149.000000               0
   150.000000               0
   151.000000               0
   152.000000               0
   153.000000               0
   154.000000               0
   155.000000               0
   156.000000               0
   157.000000               0
   158.000000               0
   159.000000               0
   160.000000               0
   161.000000               0
   162.000000               0
   163.000000               0
   164.000000               0
   165.000000               0
   166.000000               0
   167.000000               0
   168.000000               0
   169.000000               0
   170.000000               0
   171.000000               0
   172.000000               0
   173.000000               0
   174.000000               0
   175.000000               0
   176.000000               0
   177.000000               0
   178.000000               0
   179.000000               0
   180.000000               0
 &
   60.0000000               8
   61.0000000               8
   62.0000000               8
   63.0000000              10
   64.0000000              18
   65.0000000              16
   66.0000000              10
   67.0000000              20
   68.0000000              23
   69.0000000              33
   70.0000000              32
   71.0000000              34
   72.0000000              31
   73.0000000              39
   74.0000000              57
   75.0000000              61
   76.0000000              50
   77.0000000              60
   78.0000000              67
   79.0000000              49
   80.0000000              64
   81.0000000              66
   82.0000000              63
   83.0000000              67
   84.0000000              71
   85.0000000              72
   86.0000000              60
   87.0000000              50
   88.0000000              51
   89.0000000              50
   90.0000000              48
   91.0000000              48
   92.0000000              27
   93.0000000              25
   94.0000000              28
   95.0000000              33
   96.0000000              23
   97.0000000              13
   98.0000000              25
   99.0000000              24
   100.000000              19
   101.000000              10
   102.000000              14
   103.000000               8
   104.000000               9
   105.000000               8
   106.000000               9
   107.000000               8
   108.000000               3
   109.000000               3
   110.000000               4
   111.000000               8
   112.000000               5
   113.000000               7
   114.000000               9
   115.000000               7
   116.000000              11
   117.000000               8
   118.000000               9
   119.000000              15
   120.000000              17
   121.000000              12
   122.000000               8
   123.000000              25
   124.000000              22
   125.000000              18
   126.000000              31
   127.000000              32
   128.000000              46
   129.000000              28
   130.000000              36
   131.000000              45
   132.000000              43
   133.000000              44
   134.000000              39
   135.000000              45
   136.000000              43
   137.000000              53
   138.000000              61
   139.000000              51
   140.000000              80
   141.000000              52
   142.000000              54
   143.000000              65
   144.000000              62
   145.000000              48
   146.000000              37
   147.000000              41
   148.000000              25
   149.000000              40
   150.000000              41
   151.000000              31
   152.000000              50
   153.000000              25
   154.000000              24
   155.000000              16
   156.000000              19
   157.000000              24
   158.000000              23
   159.000000              15
   160.000000              18
   161.000000               5
   162.000000              12
   163.000000               9
   164.000000               5
   165.000000               8
   166.000000               3
   167.000000               4
   168.000000               8
   169.000000               4
   170.000000               3
   171.000000               3
   172.000000               1
   173.000000               1
   174.000000               0
   175.000000               4
   176.000000               1
   177.000000               1
   178.000000               0
   179.000000               0
   180.000000               0
 &
   60.0000000              94
   61.0000000             101
   62.0000000              81
   63.0000000              90
   64.0000000              92
   65.0000000              80
   66.0000000              84
   67.0000000              74
   68.0000000              76
   69.0000000              86
   70.0000000              84
   71.0000000              57
   72.0000000              73
   73.0000000              80
   74.0000000              80
   75.0000000              62
   76.0000000              58
   77.0000000              56
   78.0000000              66
   79.0000000              58
   80.0000000              51
   81.0000000              52
   82.0000000              44
   83.0000000              36
   84.0000000              52
   85.0000000              41
   86.0000000              48
   87.0000000              36
   88.0000000              37
   89.0000000              33
   90.0000000              29
   91.0000000              38
   92.0000000              40
   93.0000000              31
   94.0000000              20
   95.0000000              19
   96.0000000              23
   97.0000000              23
   98.0000000              26
   99.0000000              21
   100.000000              30
   101.000000              21
   102.000000              17
   103.000000              17
   104.000000              16
   105.000000              18
   106.000000              18
   107.000000              18
   108.000000              18
   109.000000              25
   110.000000              14
   111.000000              12
   112.000000              17
   113.000000              12
   114.000000              13
   115.000000              15
   116.000000              21
   117.000000              13
   118.000000               7
   119.000000              11
   120.000000              17
   121.000000              17
   122.000000              13
   123.000000              13
   124.000000              10
   125.000000              18
   126.000000               9
   127.000000              11
   128.000000              20
   129.000000              16
   130.000000              11
   131.000000              16
   132.000000              16
   133.000000              22
   134.000000              17
   135.000000              16
   136.000000              24
   137.000000              17
   138.000000              28
   139.000000              16
   140.000000              25
   141.000000              30
   142.000000              26
   143.000000              19
   144.000000              21
   145.000000              32
   146.000000              29
   147.000000              29
   148.000000              34
   149.000000              30
   150.000000              34
   151.000000              23
   152.000000              35
   153.000000              44
   154.000000              38
   155.000000              40
   156.000000              30
   157.000000              31
   158.000000              34
   159.000000              20
   160.000000              35
   161.000000              27
   162.000000              41
   163.000000              28
   164.000000              21
   165.000000              26
   166.000000              25
   167.000000              25
   168.000000              20
   169.000000              23
   170.000000              19
   171.000000              18
   172.000000              15
   173.000000               9
   174.000000              11
   175.000000              11
   176.000000              10
   177.000000               3
   178.000000               2
   179.000000               1
   180.000000               0
 &
   60.0000000              76
   61.0000000              73
   62.0000000              87
   63.0000000              93
   64.0000000              79
   65.0000000              82
   66.0000000              71
   67.0000000              83
   68.0000000              83
   69.0000000              89
   70.0000000              78
   71.0000000              84
   72.0000000              63
   73.0000000              66
   74.0000000              72
   75.0000000              72
   76.0000000              60
   77.0000000              72
   78.0000000              57
   79.0000000              66
   80.0000000              53
   81.0000000              52
   82.0000000              48
   83.0000000              62
   84.0000000              62
   85.0000000              42
   86.0000000              45
   87.0000000              29
   88.0000000              40
   89.0000000              42
   90.0000000              44
   91.0000000              26
   92.0000000              34
   93.0000000              29
   94.0000000              32
   95.0000000              33
   96.0000000              30
   97.0000000              30
   98.0000000              19
   99.0000000              26
   100.000000              30
   101.000000              34
   102.000000              30
   103.000000              25
   104.000000              26
   105.000000              21
   106.000000              25
   107.000000              22
   108.000000              21
   109.000000              24
   110.000000              17
   111.000000              15
   112.000000              16
   113.000000              21
   114.000000              11
   115.000000              19
   116.000000              21
   117.000000              13
   118.000000              14
   119.000000              15
   120.000000              15
   121.000000              13
   122.000000              18
   123.000000              16
   124.000000              11
   125.000000               9
   126.000000              15
   127.000000              11
   128.000000               9
   129.000000              18
   130.000000              17
   131.000000              12
   132.000000              12
   133.000000              11
   134.000000               9
   135.000000              20
   136.000000              10
   137.000000              14
   138.000000              26
   139.000000              34
   140.000000              23
   141.000000              19
   142.000000              15
   143.000000              24
   144.000000              25
   145.000000              27
   146.000000              34
   147.000000              34
   148.000000              29
   149.000000              36
   150.000000              20
   151.000000              37
   152.000000              28
   153.000000              26
   154.000000              36
   155.000000              31
   156.000000              35
   157.000000              29
   158.000000              35
   159.000000              36
   160.000000              29
   161.000000              27
   162.000000              25
   163.000000              32
   164.000000              33
   165.000000              21
   166.000000              19
   167.000000              31
   168.000000              22
   169.000000              18
   170.000000              23
   171.000000              14
   172.000000              18
   173.000000              12
   174.000000               6
   175.000000              12
   176.000000               9
   177.000000               7
   178.000000               4
   179.000000               2
   180.000000               0
 &
   60.0000000               7
   61.0000000              10
   62.0000000               9
   63.0000000              14
   64.0000000              13
   65.0000000              22
   66.0000000              11
   67.0000000              24
   68.0000000              17
   69.0000000              22
   70.0000000              46
   71.0000000              29
   72.0000000              46
   73.0000000              61
   74.0000000              45
   75.0000000              69
   76.0000000              59
   77.0000000              70
   78.0000000              64
   79.0000000              65
   80.0000000              69
   81.0000000              58
   82.0000000              73
   83.0000000              69
   84.0000000              61
   85.0000000              65
   86.0000000              74
   87.0000000              60
   88.0000000              56
   89.0000000              50
   90.0000000              28
   91.0000000              39
   92.0000000              29
   93.0000000              26
   94.0000000              19
   95.0000000              35
   96.0000000              22
   97.0000000              15
   98.0000000              13
   99.0000000              16
   100.000000              13
   101.000000              14
   102.000000              17
   103.000000              11
   104.000000              12
   105.000000               7
   106.000000               9
   107.000000               6
   108.000000               7
   109.000000               6
   110.000000               6
   111.000000               9
   112.000000               4
   113.000000              13
   114.000000               5
   115.000000               8
   116.000000               9
   117.000000              17
   118.000000              10
   119.000000              14
   120.000000              15
   121.000000              25
   122.000000              16
   123.000000              23
   124.000000              23
   125.000000              23
   126.000000              31
   127.000000              34
   128.000000              31
   129.000000              48
   130.000000              48
   131.000000              44
   132.000000              49
   133.000000              44
   134.000000              52
   135.000000              50
   136.000000              37
   137.000000              66
   138.000000              73
   139.000000              59
   140.000000              64
   141.000000              64
   142.000000              58
   143.000000              53
   144.000000              57
   145.000000              47
   146.000000              51
   147.000000              51
   148.000000              46
   149.000000              42
   150.000000              54
   151.000000              29
   152.000000              30
   153.000000              40
   154.000000              23
   155.000000              19
   156.000000              22
   157.000000              20
   158.000000              16
   159.000000               7
   160.000000              12
   161.000000              11
   162.000000              12
   163.000000               9
   164.000000               7
   165.000000               8
   166.000000               8
   167.000000               4
   168.000000               3
   169.000000               6
   170.000000               2
   171.000000               2
   172.000000               3
   173.000000               1
   174.000000               1
   175.000000               1
   176.000000               0
   177.000000               0
   178.000000               0
   179.000000               0
   180.000000               0
 &
   60.0000000             112
   61.0000000              81
   62.0000000              76
   63.0000000              82
   64.0000000             105
   65.0000000              93
   66.0000000              90
   67.0000000              75
   68.0000000              81
   69.0000000              64
   70.0000000              76
   71.0000000              66
   72.0000000              67
   73.0000000              62
   74.0000000              58
   75.0000000              60
   76.0000000              63
   77.0000000              58
   78.0000000              52
   79.0000000              59
   80.0000000              63
   81.0000000              44
   82.0000000              48
   83.0000000              54
   84.0000000              42
   85.0000000              42
   86.0000000              30
   87.0000000              36
   88.0000000              32
   89.0000000              23
   90.0000000              29
   91.0000000              32
   92.0000000              15
   93.0000000              18
   94.0000000              27
   95.0000000              24
   96.0000000              17
   97.0000000              33
   98.0000000              19
   99.0000000              21
   100.000000              13
   101.000000              30
   102.000000              22
   103.000000              24
   104.000000              22
   105.000000              17
   106.000000              18
   107.000000              30
   108.000000              28
   109.000000              23
   110.000000              19
   111.000000              18
   112.000000              17
   113.000000              19
   114.000000              14
   115.000000              13
   116.000000              12
   117.000000              17
   118.000000               9
   119.000000              16
   120.000000              11
   121.000000              12
   122.000000              15
   123.000000               9
   124.000000              10
   125.000000               7
   126.000000              12
   127.000000              10
   128.000000               8
   129.000000              12
   130.000000              14
   131.000000              11
   132.000000              16
   133.000000              12
   134.000000              25
   135.000000              16
   136.000000              22
   137.000000              17
   138.000000              16
   139.000000              21
   140.000000              39
   141.000000              23
   142.000000              27
   143.000000              25
   144.000000              30
   145.000000              31
   146.000000              24
   147.000000              36
   148.000000              36
   149.000000              37
   150.000000              37
   151.000000              43
   152.000000              50
   153.000000              37
   154.000000              49
   155.000000              45
   156.000000              38
   157.000000              34
   158.000000              37
   159.000000              39
   160.000000              42
   161.000000              37
   162.000000              23
   163.000000              28
   164.000000              20
   165.000000              35
   166.000000              28
   167.000000              25
   168.000000              24
   169.000000              17
   170.000000              18
   171.000000              17
   172.000000              15
   173.000000              18
   174.000000              13
   175.000000              13
   176.000000               6
   177.000000               9
   178.000000               1
   179.000000               0
   180.000000               0
 &
   60.0000000              85
   61.0000000              89
   62.0000000              76
   63.0000000              69
   64.0000000              83
   65.0000000              86
   66.0000000              69
   67.0000000              71
   68.0000000              68
   69.0000000              87
   70.0000000              63
   71.0000000              69
   72.0000000              70
   73.0000000              53
   74.0000000              72
   75.0000000              62
   76.0000000              62
   77.0000000              71
   78.0000000              54
   79.0000000              44
   80.0000000              49
   81.0000000              50
   82.0000000              60
   83.0000000              55
   84.0000000              40
   85.0000000              33
   86.0000000              54
   87.0000000              40
   88.0000000              38
   89.0000000              40
   90.0000000              36
   91.0000000              29
   92.0000000              33
   93.0000000              29
   94.0000000              35
   95.0000000              33
   96.0000000              36
   97.0000000              21
   98.0000000              26
   99.0000000              38
   100.000000              29
   101.000000              31
   102.000000              18
   103.000000              41
   104.000000              36
   105.000000              18
   106.000000              21
   107.000000              21
   108.000000              30
   109.000000              14
   110.000000              22
   111.000000              19
   112.000000              18
   113.000000              26
   114.000000              25
   115.000000              23
   116.000000              11
   117.000000              22
   118.000000              15
   119.000000              13
   120.000000              19
   121.000000               8
   122.000000              18
   123.000000              17
   124.000000              10
   125.000000               7
   126.000000              10
   127.000000              19
   128.000000              12
   129.000000              22
   130.000000              10
   131.000000              18
   132.000000              13
   133.000000              18
   134.000000              23
   135.000000              20
   136.000000              16
   137.000000              18
   138.000000              15
   139.000000              19
   140.000000              22
   141.000000              28
   142.000000              19
   143.000000              25
   144.000000              22
   145.000000              29
   146.000000              31
   147.000000              25
   148.000000              31
   149.000000              35
   150.000000              38
   151.000000              34
   152.000000              36
   153.000000              38
   154.000000              32
   155.000000              37
   156.000000              37
   157.000000              29
   158.000000              39
   159.000000              39
   160.000000              42
   161.000000              26
   162.000000              37
   163.000000              25
   164.000000              22
   165.000000              29
   166.000000              28
   167.000000              20
   168.000000              21
   169.000000              15
   170.000000              22
   171.000000              22
   172.000000               7
   173.000000               6
   174.000000               8
   175.000000               6
   176.000000              10
   177.000000               4
   178.000000               2
   179.000000               2
   180.000000               0
 &
   60.0000000               7
   61.0000000              13
   62.0000000              12
   63.0000000               9
   64.0000000              19
   65.0000000              19
   66.0000000              21
   67.0000000              20
   68.0000000              21
   69.0000000              33
   70.0000000              29
   71.0000000              48
   72.0000000              42
   73.0000000              55
   74.0000000              48
   75.0000000              64
   76.0000000              63
   77.0000000              53
   78.0000000              59
   79.0000000              86
   80.0000000              72
   81.0000000              73
   82.0000000              80
   83.0000000              75
   84.0000000              73
   85.0000000              61
   86.0000000              57
   87.0000000              58
   88.0000000              70
   89.0000000              58
   90.0000000              50
   91.0000000              55
   92.0000000              30
   93.0000000              35
   94.0000000              35
   95.0000000              32
   96.0000000              25
   97.0000000              19
   98.0000000              21
   99.0000000              11
   100.000000              13
   101.000000              16
   102.000000              18
   103.000000              15
   104.000000              11
   105.000000               3
   106.000000               7
   107.000000               8
   108.000000               2
   109.000000               7
   110.000000               6
   111.000000               5
   112.000000               5
   113.000000              10
   114.000000               8
   115.000000               8
   116.000000              13
   117.000000              16
   118.000000              11
   119.000000              13
   120.000000              17
   121.000000              10
   122.000000              16
   123.000000              17
   124.000000              18
   125.000000              20
   126.000000              18
   127.000000              34
   128.000000              40
   129.000000              37
   130.000000              33
   131.000000              37
   132.000000              35
   133.000000              42
   134.000000              41
   135.000000              47
   136.000000              52
   137.000000              64
   138.000000              50
   139.000000              60
   140.000000              59
   141.000000              53
   142.000000              68
   143.000000              51
   144.000000              40
   145.000000              50
   146.000000              50
   147.000000              42
   148.000000              44
   149.000000              34
   150.000000              29
   151.000000              32
   152.000000              29
   153.000000              25
   154.000000              39
   155.000000              26
   156.000000              27
   157.000000              17
   158.000000              19
   159.000000               7
   160.000000              14
   161.000000              10
   162.000000               9
   163.000000               5
   164.000000              11
   165.000000               3
   166.000000               3
   167.000000               6
   168.000000               4
   169.000000               1
   170.000000               1
   171.000000               1
   172.000000               1
   173.000000               2
   174.000000               0
   175.000000               2
   176.000000               0
   177.000000               0
   178.000000               1
   179.000000               1
   180.000000               0
 &
   60.0000000              82
   61.0000000             106
   62.0000000              91
   63.0000000              93
   64.0000000              82
   65.0000000              93
   66.0000000              83
   67.0000000              80
   68.0000000              75
   69.0000000              67
   70.0000000              91
   71.0000000              73
   72.0000000              63
   73.0000000              82
   74.0000000              52
   75.0000000              63
   76.0000000              56
   77.0000000              63
   78.0000000              51
   79.0000000              61
   80.0000000              54
   81.0000000              54
   82.0000000              43
   83.0000000              46
   84.0000000              50
   85.0000000              38
   86.0000000              44
   87.0000000              46
   88.0000000              43
   89.0000000              47
   90.0000000              27
   91.0000000              28
   92.0000000              27
   93.0000000              26
   94.0000000              34
   95.0000000              25
   96.0000000              18
   97.0000000              26
   98.0000000              31
   99.0000000              21
   100.000000              21
   101.000000              19
   102.000000              10
   103.000000              16
   104.000000              19
   105.000000              20
   106.000000              28
   107.000000              26
   108.000000              13
   109.000000              16
   110.000000              17
   111.000000              13
   112.000000              15
   113.000000              11
   114.000000              13
   115.000000              18
   116.000000              18
   117.000000              12
   118.000000              12
   119.000000              15
   120.000000              10
   121.000000              14
   122.000000              15
   123.000000              14
   124.000000              10
   125.000000               7
   126.000000              13
   127.000000              11
   128.000000               9
   129.000000              12
   130.000000              10
   131.000000              14
   132.000000              19
   133.000000              23
   134.000000              13
   135.000000              17
   136.000000              20
   137.000000              19
   138.000000              12
   139.000000              15
   140.000000              20
   141.000000              26
   142.000000              23
   143.000000              28
   144.000000              30
   145.000000              29
   146.000000              26
   147.000000              32
   148.000000              24
   149.000000              37
   150.000000              24
   151.000000              33
   152.000000              34
   153.000000              28
   154.000000              30
   155.000000              32
   156.000000              34
   157.000000              35
   158.000000              26
   159.000000              42
   160.000000              34
   161.000000              30
   162.000000              34
   163.000000              33
   164.000000              23
   165.000000              43
   166.000000              26
   167.000000              16
   168.000000              20
   169.000000              25
   170.000000              17
   171.000000               7
   172.000000              10
   173.000000              13
   174.000000              16
   175.000000               7
   176.000000               8
   177.000000               6
   178.000000               1
   179.000000               0
   180.000000               0
 &
   60.0000000              84
   61.0000000              86
   62.0000000              96
   63.0000000              93
   64.0000000              83
   65.0000000              92
   66.0000000              84
   67.0000000              91
   68.0000000              75
   69.0000000              75
   70.0000000              61
   71.0000000              73
   72.0000000              66
   73.0000000              63
   74.0000000              79
   75.0000000              82
   76.0000000              74
   77.0000000              61
   78.0000000              57
   79.0000000              70
   80.0000000              62
   81.0000000              67
   82.0000000              48
   83.0000000              45
   84.0000000              43
   85.0000000              52
   86.0000000              40
   87.0000000              41
   88.0000000              48
   89.0000000              43
   90.0000000              37
   91.0000000              31
   92.0000000              42
   93.0000000              30
   94.0000000              17
   95.0000000              31
   96.0000000              29
   97.0000000              27
   98.0000000              21
   99.0000000              18
   100.000000              25
   101.000000              19
   102.000000              21
   103.000000              25
   104.000000              17
   105.000000              27
   106.000000              25
   107.000000              18
   108.000000              30
   109.000000              28
   110.000000              26
   111.000000              17
   112.000000              24
   113.000000              17
   114.000000              16
   115.000000              17
   116.000000              14
   117.000000              13
   118.000000              16
   119.000000              11
   120.000000              16
   121.000000              20
   122.000000              12
   123.000000              10
   124.000000              17
   125.000000              14
   126.000000              16
   127.000000              14
   128.000000              10
   129.000000              14
   130.000000              12
   131.000000              13
   132.000000              20
   133.000000              15
   134.000000              15
   135.000000               9
   136.000000              21
   137.000000              15
   138.000000              21
   139.000000              16
   140.000000              18
   141.000000              16
   142.000000              17
   143.000000              28
   144.000000              29
   145.000000              24
   146.000000              32
   147.000000              22
   148.000000              25
   149.000000              25
   150.000000              21
   151.000000              30
   152.000000              27
   153.000000              34
   154.000000              28
   155.000000              32
   156.000000              24
   157.000000              35
   158.000000              26
   159.000000              29
   160.000000              29
   161.000000              29
   162.000000              29
   163.000000              28
   164.000000              26
   165.000000              26
   166.000000              29
   167.000000              33
   168.000000              17
   169.000000              19
   170.000000              24
   171.000000              14
   172.000000              10
   173.000000              11
   174.000000              10
   175.000000              11
   176.000000               4
   177.000000               1
   178.000000               3
   179.000000               4
   180.000000               0
 &
