 @    s0 legend  "A-ASP239-HN ... C-LYS138-NZ"
 @    s1 legend  "C-LYS138-HZ1 ... A-ASP239-N"
 @    s2 legend  "C-LYS138-HZ1 ... A-ASP239-OD1"
 @    s3 legend  "C-LYS138-HZ1 ... A-ASP239-OD2"
 @    s4 legend  "C-LYS138-HZ2 ... A-ASP239-N"
 @    s5 legend  "C-LYS138-HZ2 ... A-ASP239-OD1"
 @    s6 legend  "C-LYS138-HZ2 ... A-ASP239-OD2"
 @    s7 legend  "C-LYS138-HZ3 ... A-ASP239-N"
 @    s8 legend  "C-LYS138-HZ3 ... A-ASP239-OD1"
 @    s9 legend  "C-LYS138-HZ3 ... A-ASP239-OD2"
   1.00000000               0
   1.01999998               0
   1.03999996               0
   1.05999994               0
   1.08000004               0
   1.10000002               0
   1.12000000               0
   1.13999999               0
   1.15999997               0
   1.17999995               0
   1.20000005               0
   1.22000003               0
   1.24000001               0
   1.25999999               0
   1.27999997               0
   1.29999995               0
   1.31999993               0
   1.34000003               0
   1.36000001               0
   1.38000000               0
   1.39999998               0
   1.41999996               0
   1.44000006               0
   1.46000004               0
   1.48000002               0
   1.50000000               0
   1.51999998               0
   1.53999996               0
   1.55999994               0
   1.57999992               0
   1.59999990               0
   1.62000000               0
   1.63999999               0
   1.65999997               0
   1.68000007               0
   1.70000005               0
   1.72000003               0
   1.74000001               0
   1.75999999               0
   1.77999997               0
   1.79999995               0
   1.81999993               0
   1.83999991               0
   1.85999990               0
   1.88000000               0
   1.89999998               0
   1.91999996               0
   1.94000006               0
   1.96000004               0
   1.98000002               0
   2.00000000               0
   2.01999998               0
   2.03999996               0
   2.05999994               0
   2.07999992               0
   2.09999990               0
   2.11999989               0
   2.13999987               0
   2.15999985               0
   2.17999983               0
   2.19999981               0
   2.22000003               0
   2.24000001               0
   2.25999999               0
   2.27999997               0
   2.29999995               0
   2.31999993               0
   2.33999991               0
   2.36000013               0
   2.38000011               0
   2.40000010               0
   2.42000008               0
   2.44000006               0
   2.46000004               0
   2.48000002               0
   2.50000000               0
   2.51999998               0
   2.53999996               0
   2.55999994               0
   2.57999992               0
   2.59999990               0
   2.61999989               0
   2.63999987               0
   2.65999985               0
   2.67999983               0
   2.69999981               0
   2.71999979               0
   2.74000001               0
   2.75999999               0
   2.77999997               0
   2.79999995               0
   2.81999993               0
   2.83999991               0
   2.86000013               0
   2.88000011               0
   2.90000010               0
   2.92000008               0
   2.94000006               0
   2.96000004               0
   2.98000002               0
   3.00000000               0
   3.01999998               0
   3.03999996               0
   3.05999994               0
   3.07999992               0
   3.09999990               0
   3.11999989               0
   3.13999987               0
   3.15999985               0
   3.18000007               0
   3.20000005               0
   3.22000003               0
   3.24000001               0
   3.25999999               1
   3.27999997               0
   3.29999995               0
   3.31999993               0
   3.33999991               0
   3.35999990               0
   3.37999988               0
   3.39999986               0
   3.41999984               0
   3.44000006               1
   3.46000004               0
   3.48000002               0
   3.50000000               0
   3.51999998               1
   3.53999996               0
   3.55999994               2
   3.57999992               3
   3.59999990               0
   3.61999989               2
   3.63999987               2
   3.65999985               1
   3.67999983               3
   3.70000005               3
   3.72000003               3
   3.74000001               3
   3.75999999               5
   3.77999997               7
   3.79999995               6
   3.81999993               6
   3.83999991               8
   3.85999990              12
   3.87999988               9
   3.89999986              10
   3.91999984               5
   3.93999982              12
   3.96000004              12
   3.98000002              12
   4.00000000              14
   4.01999998              18
   4.03999996              17
   4.05999994              22
   4.07999992              22
   4.09999990              25
   4.11999989              18
   4.13999987              19
   4.15999985              37
   4.17999983              37
   4.19999981              39
   4.22000027              46
   4.23999977              45
   4.26000023              48
   4.27999973              72
   4.30000019              53
   4.31999969              61
   4.34000015              59
   4.35999966              62
   4.38000011              67
   4.39999962              64
   4.42000008              70
   4.43999958              68
   4.46000004              71
   4.48000002              90
   4.50000000              85
   4.51999998              92
   4.53999996              92
   4.55999994              63
   4.57999992              94
   4.59999990              84
   4.61999989              89
   4.63999987             111
   4.65999985             112
   4.67999983              97
   4.69999981              96
   4.72000027             114
   4.73999977              94
   4.76000023              95
   4.77999973              97
   4.80000019             102
   4.81999969              98
   4.84000015              86
   4.85999966              95
   4.88000011              77
   4.89999962              93
   4.92000008              90
   4.93999958              75
   4.96000004              86
   4.98000002              68
   5.00000000               0
 &
   1.00000000               0
   1.01999998               0
   1.03999996               0
   1.05999994               0
   1.08000004               0
   1.10000002               0
   1.12000000               0
   1.13999999               0
   1.15999997               0
   1.17999995               0
   1.20000005               0
   1.22000003               0
   1.24000001               0
   1.25999999               0
   1.27999997               0
   1.29999995               0
   1.31999993               0
   1.34000003               0
   1.36000001               0
   1.38000000               0
   1.39999998               0
   1.41999996               0
   1.44000006               0
   1.46000004               0
   1.48000002               0
   1.50000000               0
   1.51999998               0
   1.53999996               0
   1.55999994               0
   1.57999992               0
   1.59999990               0
   1.62000000               0
   1.63999999               0
   1.65999997               0
   1.68000007               0
   1.70000005               0
   1.72000003               0
   1.74000001               0
   1.75999999               0
   1.77999997               0
   1.79999995               0
   1.81999993               0
   1.83999991               0
   1.85999990               0
   1.88000000               0
   1.89999998               0
   1.91999996               0
   1.94000006               0
   1.96000004               0
   1.98000002               0
   2.00000000               0
   2.01999998               0
   2.03999996               0
   2.05999994               0
   2.07999992               0
   2.09999990               0
   2.11999989               0
   2.13999987               0
   2.15999985               0
   2.17999983               0
   2.19999981               0
   2.22000003               0
   2.24000001               0
   2.25999999               0
   2.27999997               0
   2.29999995               0
   2.31999993               0
   2.33999991               0
   2.36000013               0
   2.38000011               0
   2.40000010               0
   2.42000008               0
   2.44000006               0
   2.46000004               0
   2.48000002               0
   2.50000000               0
   2.51999998               0
   2.53999996               0
   2.55999994               0
   2.57999992               0
   2.59999990               0
   2.61999989               0
   2.63999987               0
   2.65999985               0
   2.67999983               0
   2.69999981               0
   2.71999979               0
   2.74000001               0
   2.75999999               0
   2.77999997               0
   2.79999995               0
   2.81999993               0
   2.83999991               1
   2.86000013               0
   2.88000011               0
   2.90000010               0
   2.92000008               0
   2.94000006               0
   2.96000004               0
   2.98000002               0
   3.00000000               0
   3.01999998               0
   3.03999996               0
   3.05999994               1
   3.07999992               0
   3.09999990               2
   3.11999989               1
   3.13999987               1
   3.15999985               6
   3.18000007               1
   3.20000005               1
   3.22000003               1
   3.24000001               7
   3.25999999               7
   3.27999997               4
   3.29999995               3
   3.31999993               6
   3.33999991               4
   3.35999990               5
   3.37999988               3
   3.39999986               8
   3.41999984               8
   3.44000006               8
   3.46000004              14
   3.48000002              16
   3.50000000              18
   3.51999998              18
   3.53999996              22
   3.55999994              14
   3.57999992              16
   3.59999990              18
   3.61999989              17
   3.63999987              29
   3.65999985              22
   3.67999983              20
   3.70000005              22
   3.72000003              22
   3.74000001              27
   3.75999999              23
   3.77999997              40
   3.79999995              25
   3.81999993              40
   3.83999991              44
   3.85999990              39
   3.87999988              32
   3.89999986              30
   3.91999984              35
   3.93999982              36
   3.96000004              37
   3.98000002              21
   4.00000000              30
   4.01999998              31
   4.03999996              38
   4.05999994              25
   4.07999992              27
   4.09999990              33
   4.11999989              40
   4.13999987              26
   4.15999985              31
   4.17999983              28
   4.19999981              25
   4.22000027              42
   4.23999977              34
   4.26000023              40
   4.27999973              46
   4.30000019              46
   4.31999969              36
   4.34000015              34
   4.35999966              40
   4.38000011              44
   4.39999962              36
   4.42000008              28
   4.43999958              38
   4.46000004              41
   4.48000002              52
   4.50000000              45
   4.51999998              45
   4.53999996              41
   4.55999994              48
   4.57999992              46
   4.59999990              47
   4.61999989              25
   4.63999987              37
   4.65999985              40
   4.67999983              35
   4.69999981              29
   4.72000027              36
   4.73999977              44
   4.76000023              34
   4.77999973              53
   4.80000019              41
   4.81999969              35
   4.84000015              48
   4.85999966              44
   4.88000011              31
   4.89999962              32
   4.92000008              40
   4.93999958              30
   4.96000004              31
   4.98000002              46
   5.00000000               0
 &
   1.00000000               0
   1.01999998               0
   1.03999996               0
   1.05999994               0
   1.08000004               0
   1.10000002               0
   1.12000000               0
   1.13999999               0
   1.15999997               0
   1.17999995               0
   1.20000005               0
   1.22000003               0
   1.24000001               0
   1.25999999               0
   1.27999997               0
   1.29999995               0
   1.31999993               0
   1.34000003               0
   1.36000001               0
   1.38000000               0
   1.39999998               0
   1.41999996               0
   1.44000006               0
   1.46000004               0
   1.48000002               0
   1.50000000               5
   1.51999998               5
   1.53999996               7
   1.55999994               9
   1.57999992              26
   1.59999990              17
   1.62000000              31
   1.63999999              35
   1.65999997              26
   1.68000007              34
   1.70000005              31
   1.72000003              35
   1.74000001              34
   1.75999999              30
   1.77999997              39
   1.79999995              33
   1.81999993              35
   1.83999991              26
   1.85999990              29
   1.88000000              22
   1.89999998              26
   1.91999996              22
   1.94000006              20
   1.96000004              21
   1.98000002              19
   2.00000000              11
   2.01999998              19
   2.03999996              13
   2.05999994               8
   2.07999992              14
   2.09999990              13
   2.11999989              11
   2.13999987               9
   2.15999985              17
   2.17999983              16
   2.19999981              10
   2.22000003              10
   2.24000001               8
   2.25999999              14
   2.27999997               5
   2.29999995               8
   2.31999993              10
   2.33999991              12
   2.36000013               4
   2.38000011              12
   2.40000010              12
   2.42000008               9
   2.44000006               8
   2.46000004              11
   2.48000002              10
   2.50000000              11
   2.51999998              16
   2.53999996              19
   2.55999994              19
   2.57999992              21
   2.59999990              28
   2.61999989              25
   2.63999987              24
   2.65999985              22
   2.67999983              22
   2.69999981              35
   2.71999979              34
   2.74000001              52
   2.75999999              44
   2.77999997              55
   2.79999995              57
   2.81999993              63
   2.83999991              68
   2.86000013              76
   2.88000011              74
   2.90000010              89
   2.92000008              92
   2.94000006              84
   2.96000004              73
   2.98000002              97
   3.00000000              91
   3.01999998              87
   3.03999996              95
   3.05999994              99
   3.07999992              85
   3.09999990              80
   3.11999989             103
   3.13999987              83
   3.15999985              75
   3.18000007              77
   3.20000005              82
   3.22000003              72
   3.24000001              63
   3.25999999              62
   3.27999997              60
   3.29999995              61
   3.31999993              43
   3.33999991              41
   3.35999990              52
   3.37999988              48
   3.39999986              38
   3.41999984              33
   3.44000006              31
   3.46000004              27
   3.48000002              32
   3.50000000              36
   3.51999998              24
   3.53999996              20
   3.55999994              18
   3.57999992              20
   3.59999990              19
   3.61999989              18
   3.63999987              20
   3.65999985              16
   3.67999983              14
   3.70000005              14
   3.72000003               7
   3.74000001              11
   3.75999999               9
   3.77999997               9
   3.79999995              14
   3.81999993              13
   3.83999991               8
   3.85999990              19
   3.87999988               9
   3.89999986              16
   3.91999984               6
   3.93999982              11
   3.96000004              11
   3.98000002               5
   4.00000000              11
   4.01999998              11
   4.03999996              11
   4.05999994               6
   4.07999992              11
   4.09999990              13
   4.11999989              14
   4.13999987              13
   4.15999985               9
   4.17999983               9
   4.19999981              12
   4.22000027              10
   4.23999977              10
   4.26000023               7
   4.27999973              15
   4.30000019              15
   4.31999969              14
   4.34000015              11
   4.35999966              16
   4.38000011              15
   4.39999962              10
   4.42000008              19
   4.43999958              19
   4.46000004              16
   4.48000002              14
   4.50000000              17
   4.51999998              17
   4.53999996              20
   4.55999994              25
   4.57999992              20
   4.59999990              28
   4.61999989              25
   4.63999987              22
   4.65999985              17
   4.67999983              20
   4.69999981              22
   4.72000027              14
   4.73999977              21
   4.76000023              26
   4.77999973              18
   4.80000019              22
   4.81999969              13
   4.84000015              20
   4.85999966              19
   4.88000011              27
   4.89999962              17
   4.92000008              14
   4.93999958              17
   4.96000004              15
   4.98000002              14
   5.00000000               0
 &
   1.00000000               0
   1.01999998               0
   1.03999996               0
   1.05999994               0
   1.08000004               0
   1.10000002               0
   1.12000000               0
   1.13999999               0
   1.15999997               0
   1.17999995               0
   1.20000005               0
   1.22000003               0
   1.24000001               0
   1.25999999               0
   1.27999997               0
   1.29999995               0
   1.31999993               0
   1.34000003               0
   1.36000001               0
   1.38000000               0
   1.39999998               0
   1.41999996               0
   1.44000006               0
   1.46000004               0
   1.48000002               1
   1.50000000               5
   1.51999998               4
   1.53999996               8
   1.55999994              18
   1.57999992              18
   1.59999990              16
   1.62000000              43
   1.63999999              36
   1.65999997              36
   1.68000007              30
   1.70000005              31
   1.72000003              31
   1.74000001              43
   1.75999999              38
   1.77999997              40
   1.79999995              34
   1.81999993              24
   1.83999991              22
   1.85999990              23
   1.88000000              26
   1.89999998              26
   1.91999996              24
   1.94000006              19
   1.96000004              13
   1.98000002              17
   2.00000000              14
   2.01999998              13
   2.03999996              10
   2.05999994              17
   2.07999992               9
   2.09999990               9
   2.11999989               6
   2.13999987               8
   2.15999985              12
   2.17999983              11
   2.19999981              10
   2.22000003               9
   2.24000001               7
   2.25999999              12
   2.27999997               6
   2.29999995              10
   2.31999993              11
   2.33999991              13
   2.36000013               5
   2.38000011               7
   2.40000010              14
   2.42000008              14
   2.44000006              11
   2.46000004              17
   2.48000002              12
   2.50000000              29
   2.51999998              15
   2.53999996              18
   2.55999994              22
   2.57999992              22
   2.59999990              18
   2.61999989              29
   2.63999987              24
   2.65999985              34
   2.67999983              38
   2.69999981              35
   2.71999979              32
   2.74000001              50
   2.75999999              41
   2.77999997              42
   2.79999995              61
   2.81999993              64
   2.83999991              81
   2.86000013              74
   2.88000011              78
   2.90000010              75
   2.92000008              85
   2.94000006             104
   2.96000004              89
   2.98000002             104
   3.00000000              76
   3.01999998              88
   3.03999996             101
   3.05999994              78
   3.07999992              93
   3.09999990              96
   3.11999989              74
   3.13999987              83
   3.15999985              88
   3.18000007              73
   3.20000005              61
   3.22000003              71
   3.24000001              72
   3.25999999              76
   3.27999997              56
   3.29999995              41
   3.31999993              43
   3.33999991              47
   3.35999990              46
   3.37999988              36
   3.39999986              50
   3.41999984              33
   3.44000006              37
   3.46000004              38
   3.48000002              30
   3.50000000              20
   3.51999998              26
   3.53999996              22
   3.55999994              30
   3.57999992              19
   3.59999990              23
   3.61999989              18
   3.63999987              17
   3.65999985              12
   3.67999983              15
   3.70000005              13
   3.72000003              13
   3.74000001              13
   3.75999999               6
   3.77999997              14
   3.79999995              10
   3.81999993              10
   3.83999991               7
   3.85999990              17
   3.87999988              17
   3.89999986              10
   3.91999984              10
   3.93999982              13
   3.96000004               9
   3.98000002               7
   4.00000000              10
   4.01999998               9
   4.03999996              10
   4.05999994               7
   4.07999992              11
   4.09999990               8
   4.11999989              16
   4.13999987              13
   4.15999985               8
   4.17999983              17
   4.19999981              15
   4.22000027              11
   4.23999977               9
   4.26000023              16
   4.27999973              15
   4.30000019              16
   4.31999969              13
   4.34000015              20
   4.35999966               9
   4.38000011              14
   4.39999962              16
   4.42000008              17
   4.43999958              12
   4.46000004               9
   4.48000002              13
   4.50000000              19
   4.51999998              17
   4.53999996              15
   4.55999994              17
   4.57999992               8
   4.59999990              15
   4.61999989              21
   4.63999987              14
   4.65999985              13
   4.67999983              19
   4.69999981              15
   4.72000027              16
   4.73999977              14
   4.76000023              20
   4.77999973              31
   4.80000019              19
   4.81999969              31
   4.84000015              20
   4.85999966              24
   4.88000011              15
   4.89999962              20
   4.92000008              16
   4.93999958              10
   4.96000004              14
   4.98000002              16
   5.00000000               0
 &
   1.00000000               0
   1.01999998               0
   1.03999996               0
   1.05999994               0
   1.08000004               0
   1.10000002               0
   1.12000000               0
   1.13999999               0
   1.15999997               0
   1.17999995               0
   1.20000005               0
   1.22000003               0
   1.24000001               0
   1.25999999               0
   1.27999997               0
   1.29999995               0
   1.31999993               0
   1.34000003               0
   1.36000001               0
   1.38000000               0
   1.39999998               0
   1.41999996               0
   1.44000006               0
   1.46000004               0
   1.48000002               0
   1.50000000               0
   1.51999998               0
   1.53999996               0
   1.55999994               0
   1.57999992               0
   1.59999990               0
   1.62000000               0
   1.63999999               0
   1.65999997               0
   1.68000007               0
   1.70000005               0
   1.72000003               0
   1.74000001               0
   1.75999999               0
   1.77999997               0
   1.79999995               0
   1.81999993               0
   1.83999991               0
   1.85999990               0
   1.88000000               0
   1.89999998               0
   1.91999996               0
   1.94000006               0
   1.96000004               0
   1.98000002               0
   2.00000000               0
   2.01999998               0
   2.03999996               0
   2.05999994               0
   2.07999992               0
   2.09999990               0
   2.11999989               0
   2.13999987               0
   2.15999985               0
   2.17999983               0
   2.19999981               0
   2.22000003               0
   2.24000001               0
   2.25999999               0
   2.27999997               0
   2.29999995               0
   2.31999993               0
   2.33999991               0
   2.36000013               0
   2.38000011               0
   2.40000010               0
   2.42000008               0
   2.44000006               0
   2.46000004               0
   2.48000002               0
   2.50000000               0
   2.51999998               0
   2.53999996               0
   2.55999994               0
   2.57999992               0
   2.59999990               0
   2.61999989               0
   2.63999987               0
   2.65999985               0
   2.67999983               0
   2.69999981               0
   2.71999979               0
   2.74000001               0
   2.75999999               0
   2.77999997               0
   2.79999995               1
   2.81999993               1
   2.83999991               0
   2.86000013               1
   2.88000011               0
   2.90000010               0
   2.92000008               0
   2.94000006               0
   2.96000004               0
   2.98000002               2
   3.00000000               1
   3.01999998               2
   3.03999996               0
   3.05999994               3
   3.07999992               1
   3.09999990               0
   3.11999989               2
   3.13999987               2
   3.15999985               2
   3.18000007               0
   3.20000005               0
   3.22000003               3
   3.24000001               4
   3.25999999               5
   3.27999997               4
   3.29999995               4
   3.31999993              11
   3.33999991              10
   3.35999990               6
   3.37999988               7
   3.39999986               4
   3.41999984              16
   3.44000006              14
   3.46000004              17
   3.48000002              14
   3.50000000              13
   3.51999998              15
   3.53999996              14
   3.55999994              24
   3.57999992              19
   3.59999990              36
   3.61999989              24
   3.63999987              26
   3.65999985              27
   3.67999983              30
   3.70000005              34
   3.72000003              30
   3.74000001              29
   3.75999999              35
   3.77999997              25
   3.79999995              28
   3.81999993              23
   3.83999991              24
   3.85999990              31
   3.87999988              38
   3.89999986              32
   3.91999984              37
   3.93999982              28
   3.96000004              28
   3.98000002              32
   4.00000000              26
   4.01999998              29
   4.03999996              27
   4.05999994              30
   4.07999992              44
   4.09999990              38
   4.11999989              32
   4.13999987              31
   4.15999985              36
   4.17999983              41
   4.19999981              37
   4.22000027              39
   4.23999977              42
   4.26000023              37
   4.27999973              43
   4.30000019              38
   4.31999969              50
   4.34000015              42
   4.35999966              44
   4.38000011              33
   4.39999962              44
   4.42000008              46
   4.43999958              48
   4.46000004              49
   4.48000002              29
   4.50000000              40
   4.51999998              43
   4.53999996              45
   4.55999994              39
   4.57999992              36
   4.59999990              48
   4.61999989              34
   4.63999987              36
   4.65999985              51
   4.67999983              42
   4.69999981              43
   4.72000027              32
   4.73999977              41
   4.76000023              37
   4.77999973              46
   4.80000019              48
   4.81999969              42
   4.84000015              37
   4.85999966              27
   4.88000011              45
   4.89999962              33
   4.92000008              31
   4.93999958              40
   4.96000004              48
   4.98000002              36
   5.00000000               0
 &
   1.00000000               0
   1.01999998               0
   1.03999996               0
   1.05999994               0
   1.08000004               0
   1.10000002               0
   1.12000000               0
   1.13999999               0
   1.15999997               0
   1.17999995               0
   1.20000005               0
   1.22000003               0
   1.24000001               0
   1.25999999               0
   1.27999997               0
   1.29999995               0
   1.31999993               0
   1.34000003               0
   1.36000001               0
   1.38000000               0
   1.39999998               0
   1.41999996               0
   1.44000006               0
   1.46000004               0
   1.48000002               2
   1.50000000               2
   1.51999998               3
   1.53999996               9
   1.55999994              16
   1.57999992              22
   1.59999990              24
   1.62000000              30
   1.63999999              28
   1.65999997              35
   1.68000007              51
   1.70000005              46
   1.72000003              52
   1.74000001              40
   1.75999999              54
   1.77999997              35
   1.79999995              36
   1.81999993              29
   1.83999991              26
   1.85999990              36
   1.88000000              39
   1.89999998              22
   1.91999996              17
   1.94000006              14
   1.96000004              28
   1.98000002              16
   2.00000000              11
   2.01999998              12
   2.03999996               7
   2.05999994              17
   2.07999992              14
   2.09999990               8
   2.11999989              11
   2.13999987              12
   2.15999985              13
   2.17999983               6
   2.19999981               7
   2.22000003              13
   2.24000001              12
   2.25999999              10
   2.27999997              10
   2.29999995               6
   2.31999993               7
   2.33999991               9
   2.36000013              10
   2.38000011              11
   2.40000010              10
   2.42000008              15
   2.44000006              12
   2.46000004              10
   2.48000002              18
   2.50000000              15
   2.51999998              16
   2.53999996              29
   2.55999994              19
   2.57999992              19
   2.59999990              18
   2.61999989              38
   2.63999987              33
   2.65999985              28
   2.67999983              27
   2.69999981              37
   2.71999979              42
   2.74000001              46
   2.75999999              59
   2.77999997              47
   2.79999995              60
   2.81999993              51
   2.83999991              55
   2.86000013              59
   2.88000011              64
   2.90000010              74
   2.92000008              88
   2.94000006              88
   2.96000004              89
   2.98000002             105
   3.00000000              82
   3.01999998              74
   3.03999996              94
   3.05999994              74
   3.07999992              96
   3.09999990              70
   3.11999989              88
   3.13999987              67
   3.15999985              85
   3.18000007              76
   3.20000005              71
   3.22000003              58
   3.24000001              60
   3.25999999              59
   3.27999997              60
   3.29999995              54
   3.31999993              46
   3.33999991              48
   3.35999990              50
   3.37999988              37
   3.39999986              45
   3.41999984              52
   3.44000006              32
   3.46000004              37
   3.48000002              24
   3.50000000              22
   3.51999998              25
   3.53999996              21
   3.55999994              18
   3.57999992              23
   3.59999990              19
   3.61999989              16
   3.63999987              24
   3.65999985              22
   3.67999983              24
   3.70000005              16
   3.72000003               9
   3.74000001              11
   3.75999999              15
   3.77999997               8
   3.79999995               9
   3.81999993               8
   3.83999991               8
   3.85999990               6
   3.87999988              14
   3.89999986              11
   3.91999984               6
   3.93999982               6
   3.96000004               8
   3.98000002               2
   4.00000000               6
   4.01999998               9
   4.03999996               4
   4.05999994              10
   4.07999992              11
   4.09999990               8
   4.11999989              12
   4.13999987               7
   4.15999985              20
   4.17999983              10
   4.19999981               5
   4.22000027              10
   4.23999977              16
   4.26000023               7
   4.27999973              17
   4.30000019               9
   4.31999969              10
   4.34000015              11
   4.35999966              19
   4.38000011              18
   4.39999962              20
   4.42000008              13
   4.43999958              25
   4.46000004              17
   4.48000002              16
   4.50000000              20
   4.51999998              15
   4.53999996              13
   4.55999994              22
   4.57999992              31
   4.59999990              16
   4.61999989              11
   4.63999987              22
   4.65999985              12
   4.67999983              18
   4.69999981              25
   4.72000027              23
   4.73999977              26
   4.76000023              18
   4.77999973              20
   4.80000019              23
   4.81999969              24
   4.84000015              19
   4.85999966              15
   4.88000011              18
   4.89999962              24
   4.92000008              16
   4.93999958              13
   4.96000004              12
   4.98000002              16
   5.00000000               0
 &
   1.00000000               0
   1.01999998               0
   1.03999996               0
   1.05999994               0
   1.08000004               0
   1.10000002               0
   1.12000000               0
   1.13999999               0
   1.15999997               0
   1.17999995               0
   1.20000005               0
   1.22000003               0
   1.24000001               0
   1.25999999               0
   1.27999997               0
   1.29999995               0
   1.31999993               0
   1.34000003               0
   1.36000001               0
   1.38000000               0
   1.39999998               0
   1.41999996               0
   1.44000006               0
   1.46000004               0
   1.48000002               2
   1.50000000               3
   1.51999998               1
   1.53999996              10
   1.55999994              11
   1.57999992              13
   1.59999990              22
   1.62000000              24
   1.63999999              34
   1.65999997              34
   1.68000007              49
   1.70000005              39
   1.72000003              42
   1.74000001              44
   1.75999999              50
   1.77999997              35
   1.79999995              36
   1.81999993              29
   1.83999991              21
   1.85999990              22
   1.88000000              17
   1.89999998              30
   1.91999996              16
   1.94000006              14
   1.96000004              14
   1.98000002              23
   2.00000000              12
   2.01999998              16
   2.03999996              16
   2.05999994              15
   2.07999992              13
   2.09999990               7
   2.11999989              16
   2.13999987               9
   2.15999985              12
   2.17999983               9
   2.19999981              10
   2.22000003               7
   2.24000001               9
   2.25999999              13
   2.27999997               6
   2.29999995              10
   2.31999993              14
   2.33999991               7
   2.36000013               4
   2.38000011              12
   2.40000010               8
   2.42000008              15
   2.44000006              20
   2.46000004              12
   2.48000002               8
   2.50000000              14
   2.51999998              19
   2.53999996              23
   2.55999994              19
   2.57999992              20
   2.59999990              17
   2.61999989              26
   2.63999987              34
   2.65999985              42
   2.67999983              44
   2.69999981              46
   2.71999979              35
   2.74000001              44
   2.75999999              48
   2.77999997              45
   2.79999995              53
   2.81999993              73
   2.83999991              71
   2.86000013              66
   2.88000011              85
   2.90000010              84
   2.92000008              80
   2.94000006             103
   2.96000004              89
   2.98000002              94
   3.00000000              89
   3.01999998              96
   3.03999996              95
   3.05999994              81
   3.07999992              85
   3.09999990              81
   3.11999989              94
   3.13999987              95
   3.15999985              81
   3.18000007              76
   3.20000005              64
   3.22000003              72
   3.24000001              61
   3.25999999              51
   3.27999997              51
   3.29999995              58
   3.31999993              50
   3.33999991              42
   3.35999990              37
   3.37999988              39
   3.39999986              36
   3.41999984              37
   3.44000006              30
   3.46000004              58
   3.48000002              30
   3.50000000              26
   3.51999998              29
   3.53999996              24
   3.55999994              17
   3.57999992              17
   3.59999990              22
   3.61999989              18
   3.63999987              26
   3.65999985              16
   3.67999983              19
   3.70000005              13
   3.72000003               8
   3.74000001              10
   3.75999999               9
   3.77999997              16
   3.79999995              12
   3.81999993              16
   3.83999991               7
   3.85999990               7
   3.87999988              10
   3.89999986              15
   3.91999984               5
   3.93999982              12
   3.96000004              13
   3.98000002              10
   4.00000000               8
   4.01999998               6
   4.03999996               5
   4.05999994              11
   4.07999992              14
   4.09999990              14
   4.11999989               5
   4.13999987              15
   4.15999985              13
   4.17999983              12
   4.19999981              11
   4.22000027               8
   4.23999977              12
   4.26000023               8
   4.27999973              13
   4.30000019              16
   4.31999969              11
   4.34000015               6
   4.35999966              10
   4.38000011              15
   4.39999962              10
   4.42000008              14
   4.43999958              15
   4.46000004              11
   4.48000002              15
   4.50000000              15
   4.51999998              17
   4.53999996              20
   4.55999994              14
   4.57999992              12
   4.59999990              20
   4.61999989              18
   4.63999987              16
   4.65999985              17
   4.67999983              15
   4.69999981              22
   4.72000027              17
   4.73999977              21
   4.76000023              20
   4.77999973              16
   4.80000019              19
   4.81999969              12
   4.84000015              19
   4.85999966              14
   4.88000011              15
   4.89999962              15
   4.92000008              14
   4.93999958              17
   4.96000004              13
   4.98000002              10
   5.00000000               0
 &
   1.00000000               0
   1.01999998               0
   1.03999996               0
   1.05999994               0
   1.08000004               0
   1.10000002               0
   1.12000000               0
   1.13999999               0
   1.15999997               0
   1.17999995               0
   1.20000005               0
   1.22000003               0
   1.24000001               0
   1.25999999               0
   1.27999997               0
   1.29999995               0
   1.31999993               0
   1.34000003               0
   1.36000001               0
   1.38000000               0
   1.39999998               0
   1.41999996               0
   1.44000006               0
   1.46000004               0
   1.48000002               0
   1.50000000               0
   1.51999998               0
   1.53999996               0
   1.55999994               0
   1.57999992               0
   1.59999990               0
   1.62000000               0
   1.63999999               0
   1.65999997               0
   1.68000007               0
   1.70000005               0
   1.72000003               0
   1.74000001               0
   1.75999999               0
   1.77999997               0
   1.79999995               0
   1.81999993               0
   1.83999991               0
   1.85999990               0
   1.88000000               0
   1.89999998               0
   1.91999996               0
   1.94000006               0
   1.96000004               0
   1.98000002               0
   2.00000000               0
   2.01999998               0
   2.03999996               0
   2.05999994               0
   2.07999992               0
   2.09999990               0
   2.11999989               0
   2.13999987               0
   2.15999985               0
   2.17999983               0
   2.19999981               0
   2.22000003               0
   2.24000001               0
   2.25999999               0
   2.27999997               0
   2.29999995               0
   2.31999993               0
   2.33999991               0
   2.36000013               0
   2.38000011               0
   2.40000010               0
   2.42000008               0
   2.44000006               0
   2.46000004               0
   2.48000002               0
   2.50000000               0
   2.51999998               0
   2.53999996               0
   2.55999994               0
   2.57999992               0
   2.59999990               0
   2.61999989               0
   2.63999987               0
   2.65999985               0
   2.67999983               0
   2.69999981               0
   2.71999979               0
   2.74000001               0
   2.75999999               0
   2.77999997               0
   2.79999995               0
   2.81999993               0
   2.83999991               0
   2.86000013               0
   2.88000011               0
   2.90000010               0
   2.92000008               1
   2.94000006               2
   2.96000004               2
   2.98000002               1
   3.00000000               0
   3.01999998               0
   3.03999996               0
   3.05999994               0
   3.07999992               0
   3.09999990               5
   3.11999989               3
   3.13999987               0
   3.15999985               0
   3.18000007               2
   3.20000005               0
   3.22000003               6
   3.24000001               4
   3.25999999               5
   3.27999997               4
   3.29999995               4
   3.31999993               9
   3.33999991               1
   3.35999990               8
   3.37999988               3
   3.39999986               7
   3.41999984              12
   3.44000006              10
   3.46000004              15
   3.48000002              15
   3.50000000              16
   3.51999998              17
   3.53999996              17
   3.55999994              16
   3.57999992              12
   3.59999990              21
   3.61999989              20
   3.63999987              18
   3.65999985              23
   3.67999983              25
   3.70000005              16
   3.72000003              34
   3.74000001              23
   3.75999999              32
   3.77999997              26
   3.79999995              27
   3.81999993              25
   3.83999991              30
   3.85999990              36
   3.87999988              25
   3.89999986              28
   3.91999984              28
   3.93999982              34
   3.96000004              42
   3.98000002              29
   4.00000000              39
   4.01999998              36
   4.03999996              33
   4.05999994              28
   4.07999992              39
   4.09999990              36
   4.11999989              40
   4.13999987              37
   4.15999985              27
   4.17999983              29
   4.19999981              32
   4.22000027              43
   4.23999977              39
   4.26000023              30
   4.27999973              37
   4.30000019              40
   4.31999969              45
   4.34000015              43
   4.35999966              43
   4.38000011              33
   4.39999962              42
   4.42000008              50
   4.43999958              43
   4.46000004              38
   4.48000002              46
   4.50000000              35
   4.51999998              43
   4.53999996              29
   4.55999994              35
   4.57999992              47
   4.59999990              47
   4.61999989              35
   4.63999987              47
   4.65999985              45
   4.67999983              49
   4.69999981              25
   4.72000027              41
   4.73999977              37
   4.76000023              33
   4.77999973              44
   4.80000019              42
   4.81999969              44
   4.84000015              29
   4.85999966              53
   4.88000011              40
   4.89999962              30
   4.92000008              40
   4.93999958              39
   4.96000004              37
   4.98000002              40
   5.00000000               0
 &
   1.00000000               0
   1.01999998               0
   1.03999996               0
   1.05999994               0
   1.08000004               0
   1.10000002               0
   1.12000000               0
   1.13999999               0
   1.15999997               0
   1.17999995               0
   1.20000005               0
   1.22000003               0
   1.24000001               0
   1.25999999               0
   1.27999997               0
   1.29999995               0
   1.31999993               0
   1.34000003               0
   1.36000001               0
   1.38000000               0
   1.39999998               0
   1.41999996               0
   1.44000006               0
   1.46000004               1
   1.48000002               1
   1.50000000               2
   1.51999998               6
   1.53999996               7
   1.55999994               8
   1.57999992              14
   1.59999990              23
   1.62000000              24
   1.63999999              38
   1.65999997              40
   1.68000007              40
   1.70000005              38
   1.72000003              33
   1.74000001              31
   1.75999999              35
   1.77999997              39
   1.79999995              38
   1.81999993              42
   1.83999991              21
   1.85999990              19
   1.88000000              29
   1.89999998              29
   1.91999996              22
   1.94000006              22
   1.96000004              18
   1.98000002              12
   2.00000000              13
   2.01999998               9
   2.03999996              14
   2.05999994              15
   2.07999992               9
   2.09999990              12
   2.11999989               9
   2.13999987              17
   2.15999985               8
   2.17999983               9
   2.19999981               3
   2.22000003              11
   2.24000001              10
   2.25999999              12
   2.27999997               6
   2.29999995              12
   2.31999993               9
   2.33999991               6
   2.36000013              18
   2.38000011               9
   2.40000010               9
   2.42000008              13
   2.44000006              14
   2.46000004              19
   2.48000002               8
   2.50000000              11
   2.51999998              21
   2.53999996              14
   2.55999994              26
   2.57999992              20
   2.59999990              25
   2.61999989              22
   2.63999987              34
   2.65999985              20
   2.67999983              30
   2.69999981              36
   2.71999979              33
   2.74000001              52
   2.75999999              39
   2.77999997              54
   2.79999995              56
   2.81999993              54
   2.83999991              66
   2.86000013              64
   2.88000011              68
   2.90000010              69
   2.92000008              79
   2.94000006              89
   2.96000004              96
   2.98000002              79
   3.00000000              87
   3.01999998              86
   3.03999996              97
   3.05999994              74
   3.07999992             116
   3.09999990              83
   3.11999989              93
   3.13999987              84
   3.15999985              78
   3.18000007              52
   3.20000005              67
   3.22000003              68
   3.24000001              72
   3.25999999              71
   3.27999997              69
   3.29999995              57
   3.31999993              46
   3.33999991              48
   3.35999990              49
   3.37999988              45
   3.39999986              45
   3.41999984              32
   3.44000006              37
   3.46000004              28
   3.48000002              34
   3.50000000              29
   3.51999998              20
   3.53999996              18
   3.55999994              17
   3.57999992              25
   3.59999990              16
   3.61999989              19
   3.63999987              15
   3.65999985              16
   3.67999983              17
   3.70000005              13
   3.72000003               7
   3.74000001               8
   3.75999999              11
   3.77999997              11
   3.79999995              16
   3.81999993               8
   3.83999991               7
   3.85999990               7
   3.87999988               8
   3.89999986              10
   3.91999984               4
   3.93999982              14
   3.96000004              11
   3.98000002               6
   4.00000000               8
   4.01999998               6
   4.03999996               7
   4.05999994               9
   4.07999992              17
   4.09999990              12
   4.11999989              17
   4.13999987              14
   4.15999985              17
   4.17999983              13
   4.19999981              13
   4.22000027              19
   4.23999977              18
   4.26000023              19
   4.27999973              12
   4.30000019              10
   4.31999969              13
   4.34000015              13
   4.35999966              13
   4.38000011              23
   4.39999962              20
   4.42000008              16
   4.43999958              21
   4.46000004              19
   4.48000002              23
   4.50000000              15
   4.51999998              23
   4.53999996              24
   4.55999994              16
   4.57999992              19
   4.59999990              17
   4.61999989              14
   4.63999987              16
   4.65999985              13
   4.67999983              19
   4.69999981              20
   4.72000027              32
   4.73999977              14
   4.76000023              20
   4.77999973              18
   4.80000019              29
   4.81999969              22
   4.84000015              19
   4.85999966              17
   4.88000011              21
   4.89999962              25
   4.92000008              12
   4.93999958              15
   4.96000004              10
   4.98000002              23
   5.00000000               0
 &
   1.00000000               0
   1.01999998               0
   1.03999996               0
   1.05999994               0
   1.08000004               0
   1.10000002               0
   1.12000000               0
   1.13999999               0
   1.15999997               0
   1.17999995               0
   1.20000005               0
   1.22000003               0
   1.24000001               0
   1.25999999               0
   1.27999997               0
   1.29999995               0
   1.31999993               0
   1.34000003               0
   1.36000001               0
   1.38000000               0
   1.39999998               0
   1.41999996               0
   1.44000006               1
   1.46000004               1
   1.48000002               1
   1.50000000               7
   1.51999998               5
   1.53999996               9
   1.55999994              12
   1.57999992              12
   1.59999990              27
   1.62000000              15
   1.63999999              27
   1.65999997              37
   1.68000007              36
   1.70000005              33
   1.72000003              40
   1.74000001              32
   1.75999999              25
   1.77999997              23
   1.79999995              28
   1.81999993              34
   1.83999991              22
   1.85999990              27
   1.88000000              30
   1.89999998              19
   1.91999996              29
   1.94000006              19
   1.96000004               8
   1.98000002              11
   2.00000000              18
   2.01999998              12
   2.03999996              18
   2.05999994              11
   2.07999992              12
   2.09999990              14
   2.11999989               6
   2.13999987              10
   2.15999985               9
   2.17999983               8
   2.19999981              10
   2.22000003              11
   2.24000001              10
   2.25999999              10
   2.27999997               8
   2.29999995              10
   2.31999993              10
   2.33999991              12
   2.36000013               9
   2.38000011              12
   2.40000010              17
   2.42000008              21
   2.44000006              16
   2.46000004              14
   2.48000002              13
   2.50000000              13
   2.51999998              14
   2.53999996              16
   2.55999994              15
   2.57999992              29
   2.59999990              28
   2.61999989              24
   2.63999987              31
   2.65999985              28
   2.67999983              34
   2.69999981              38
   2.71999979              45
   2.74000001              42
   2.75999999              49
   2.77999997              54
   2.79999995              61
   2.81999993              60
   2.83999991              73
   2.86000013              84
   2.88000011              67
   2.90000010              88
   2.92000008              91
   2.94000006              77
   2.96000004              99
   2.98000002              85
   3.00000000              92
   3.01999998              87
   3.03999996              98
   3.05999994              83
   3.07999992              84
   3.09999990              79
   3.11999989              99
   3.13999987              71
   3.15999985              71
   3.18000007              79
   3.20000005              81
   3.22000003              78
   3.24000001              74
   3.25999999              69
   3.27999997              60
   3.29999995              61
   3.31999993              55
   3.33999991              56
   3.35999990              36
   3.37999988              55
   3.39999986              33
   3.41999984              52
   3.44000006              35
   3.46000004              26
   3.48000002              29
   3.50000000              35
   3.51999998              18
   3.53999996              18
   3.55999994              19
   3.57999992              20
   3.59999990              16
   3.61999989              15
   3.63999987              13
   3.65999985              11
   3.67999983              16
   3.70000005              15
   3.72000003              15
   3.74000001              13
   3.75999999               7
   3.77999997               5
   3.79999995               6
   3.81999993               9
   3.83999991              14
   3.85999990               3
   3.87999988               7
   3.89999986              11
   3.91999984               4
   3.93999982              11
   3.96000004              11
   3.98000002               8
   4.00000000              14
   4.01999998               8
   4.03999996              12
   4.05999994               6
   4.07999992               6
   4.09999990               9
   4.11999989               9
   4.13999987              10
   4.15999985              12
   4.17999983               8
   4.19999981              14
   4.22000027               8
   4.23999977              13
   4.26000023              13
   4.27999973              13
   4.30000019              11
   4.31999969              12
   4.34000015              13
   4.35999966              18
   4.38000011              23
   4.39999962              19
   4.42000008              14
   4.43999958              16
   4.46000004              19
   4.48000002              15
   4.50000000              13
   4.51999998              21
   4.53999996              19
   4.55999994              12
   4.57999992              14
   4.59999990              23
   4.61999989              12
   4.63999987              18
   4.65999985              13
   4.67999983              23
   4.69999981              23
   4.72000027              16
   4.73999977              15
   4.76000023              21
   4.77999973              20
   4.80000019              21
   4.81999969              21
   4.84000015              18
   4.85999966              10
   4.88000011              17
   4.89999962              19
   4.92000008              20
   4.93999958              17
   4.96000004              19
   4.98000002              16
   5.00000000               0
 &
